b4 radix arr contains:
75
87
212
185
111
15
202
275
38
56
124
99
822
574
23
46
681
217
90
899
57
654
stat data in digit order:
	10	1	1
	3	4	2
	4	3	3
	0	1	1
	0	1	3
	1	3	4
	2	0	2
	0	3	3
	2	3	1
	7	-16777389	2
offset data in digit order:
	0	0	0
	10	1	1
	13	5	3
	17	8	6
	17	9	7
	17	10	10
	18	13	14
	20	13	16
	20	16	19
	22	19	20
after digit 0 sort arr contains:
90
111
681
212
202
822
23
124
574
654
75
185
15
275
56
46
87
217
57
38
99
899
after digit 1 sort arr contains:
202
111
212
15
217
822
23
124
38
46
654
56
57
574
75
275
681
185
87
90
99
899
It took 0.030000 seconds to execute standard radix.
after radix arr contains:
202
111
212
15
217
822
23
124
38
46
654
56
57
574
75
275
681
185
87
90
99
899
